[[[0.95786555 0.18962844 0.69892422 0.24951548 0.85846606]
  [0.61089173 0.34067134 0.70230991 0.65709203 0.81488   ]
  [0.23181547 0.66281458 0.44364829 0.77990632 0.45044207]
  [0.39790192 0.0333518  0.59946923 0.10540095 0.86729354]
  [0.84754841 0.19297691 0.44247538 0.42801357 0.53124272]]

 [[0.60706763 0.44408792 0.1312455  0.35167805 0.44642698]
  [0.7962608  0.46064618 0.53846342 0.33937247 0.47566648]
  [0.54212824 0.20472797 0.37933578 0.78340575 0.84760834]
  [0.21560033 0.92272593 0.67498126 0.71945562 0.14135005]
  [0.540421   0.50141965 0.77277353 0.35276961 0.57224358]]

 [[0.22458186 0.24817839 0.52717888 0.85857174 0.0569244 ]
  [0.02668285 0.44162297 0.97846343 0.88991882 0.48183849]
  [0.88451742 0.64458677 0.32142842 0.68259109 0.3124821 ]
  [0.43177049 0.72625305 0.81516252 0.76679796 0.67063522]
  [0.76883317 0.38718748 0.02653373 0.28124024 0.54459402]]

 [[0.3287945  0.27582898 0.9036298  0.02726914 0.3245352 ]
  [0.74512246 0.0722761  0.47334987 0.3177557  0.46456784]
  [0.49410231 0.30318668 0.93322313 0.09106666 0.64390366]
  [0.78501413 0.94618312 0.56751924 0.43401958 0.95222939]
  [0.33394579 0.95027354 0.47976172 0.0941348  0.11552997]]]